image_width: 640
image_height: 480
camera_name: head_camera
camera_matrix:
  rows: 3
  cols: 3
  data: [921.634585, 0, 302.781706, 0, 921.971579, 267.690720, 0, 0, 1]
distortion_model: plumb_bob
distortion_coefficients:
  rows: 1
  cols: 5
  data: [-0.415266, 0.354406, 0.001899, 0.000884, 0]
rectification_matrix:
  rows: 3
  cols: 3
  data: [1, 0, 0, 0, 1, 0, 0, 0, 1]
projection_matrix:
  rows: 3
  cols: 4
  data: [875.888123, 0, 301.448284, 0, 0, 894.672791, 269.636067, 0, 0, 0, 1, 0]
